y_obs_dim0 <- 4
y_obs <-
c(0.3600577811567048, 0.6045908148385627, 0.5977879645901827, 0.6782994906430122)
t_obs_dim0 <- 4
t_obs <-
c(1.25, 2.5, 3.75, 5.0)
y0 <-
c(1e-06)
y0_dim0 <- 1
