y_obs_dim0 <- 4
y_obs <-
c(-1.021490757198175, -0.5032033888815843, -0.5145191621717315, -0.3881663619621083)
t_obs_dim0 <- 4
t_obs <-
c(1.25, 2.5, 3.75, 5.0)
y0 <-
c(-13.815510557964274)
y0_dim0 <- 1
